Id,SalePrice
1461,126891.56117322519
1462,156600.92624159303
1463,187901.20727898256
1464,182245.77545668773
1465,181038.32479848783
1466,176567.97617014416
1467,165935.60341632285
1468,166525.70288136776
1469,181345.61829103666
1470,128130.04304007001
1471,206695.36616197304
1472,97560.90659680944
1473,101761.23940309504
1474,144895.00552780286
1475,116891.2157086411
1476,384189.79394999176
1477,254670.93907598732
1478,286423.0055315439
1479,284323.7321370371
1480,475866.48857975897
1481,332940.8513150014
1482,206388.2388009996
1483,169585.10651938146
1484,169193.81595626895
1485,177583.35398556222
1486,199914.59174825245
1487,370299.07450060453
1488,233552.4006448593
1489,216329.78314844955
1490,240196.85344586466
1491,192123.24003080992
1492,95255.01975464926
1493,187329.3398485633
1494,299497.5633248459
1495,290135.52185030986
1496,242994.71194705713
1497,187478.28923058903
1498,165033.8466675345
1499,158334.74129495028
1500,153021.57329596303
1501,172738.37655859362
1502,153849.45544638846
1503,292726.4680850161
1504,240220.26417401506
1505,221727.83407260256
1506,171263.88403792135
1507,244865.9278582568
1508,212537.11093561968
1509,152038.76366923196
1510,152126.79253462842
1511,150808.7794564268
1512,165802.8643225664
1513,135229.80927015533
1514,159553.08845166184
1515,201376.02904329082
1516,156793.40017347835
1517,160595.01526075124
1518,134166.44721916574
1519,224896.3357499527
1520,136315.74031336117
1521,144507.49721071435
1522,170905.6328235651
1523,114860.36216691436
1524,113296.11819250892
1525,122650.87508792958
1526,125210.04197996881
1527,103192.55522507869
1528,132413.58665140232
1529,145721.92418469617
1530,168507.2013386484
1531,109075.24864006227
1532,99446.1545421829
1533,138192.64430781116
1534,119418.68640222645
1535,157559.97005187706
1536,114931.98527958238
1537,80255.26823232693
1538,151379.14767957028
1539,198011.41863018615
1540,108188.03062895678
1541,133622.5865263142
1542,146391.7066188669
1543,216408.7600532533
1544,74940.5297940893
1545,105193.36982951233
1546,139272.96668295795
1547,136380.288390901
1548,129558.89052420323
1549,112437.53890078496
1550,150500.74912703902
1551,118627.60162661306
1552,154046.9632290465
1553,152075.9984795712
1554,111161.53856783168
1555,177584.35578760723
1556,100470.31381898509
1557,110900.43174951622
1558,100610.79424614628
1559,81559.212382684
1560,138741.2713799372
1561,132160.74079779946
1562,128899.09762172062
1563,126372.88540772989
1564,171558.0778159138
1565,152019.32426956523
1566,242738.067937809
1567,76563.9128500727
1568,230394.5748095652
1569,160279.50527482954
1570,129379.69612188742
1571,119601.40215616525
1572,146860.01606512096
1573,251468.77958913136
1574,131899.3268827891
1575,227290.51589147578
1576,231956.27298640783
1577,200986.953934389
1578,141703.7683692166
1579,146314.0145387915
1580,191978.7784012595
1581,158282.5485342358
1582,120745.48492074065
1583,307246.0569184159
1584,224906.9655276467
1585,136272.88072171342
1586,70107.03896315825
1587,100605.00499188756
1588,150837.1341537523
1589,95643.60897656644
1590,125004.39611938522
1591,99733.64581784945
1592,122372.9466087613
1593,127980.8571768622
1594,154537.93453835015
1595,127453.72402440934
1596,247072.364524458
1597,176885.65310076787
1598,182059.70426152222
1599,175340.4604718375
1600,171183.43624078773
1601,71756.1386466537
1602,129108.98841239675
1603,59517.74693771366
1604,274789.07401624444
1605,243734.11291767636
1606,153160.76556382043
1607,175725.9600991978
1608,207200.00733320042
1609,197274.77176314703
1610,163176.27290556158
1611,142128.71152158154
1612,179222.89177835
1613,171455.9550654054
1614,120783.4089736825
1615,84018.72107092064
1616,77584.74603521588
1617,85295.78756461237
1618,123717.6911193331
1619,137527.8395240572
1620,182168.74638108726
1621,150864.539873072
1622,147124.2137413514
1623,289022.1324893349
1624,227306.01082793335
1625,122815.68181061055
1626,163720.46155739424
1627,185701.7108119753
1628,281117.62093846523
1629,183584.50179225966
1630,376015.7259338633
1631,216211.81806550646
1632,246645.7070700017
1633,178767.565842021
1634,190633.95128015272
1635,178869.4495218912
1636,153557.37298568047
1637,207046.10622182145
1638,188351.43508718608
1639,170878.05130611395
1640,247146.20901697158
1641,182950.5720322978
1642,225025.03537486648
1643,220574.22993629798
1644,231705.44584047335
1645,201538.48840702436
1646,153391.86351543787
1647,160552.9715004137
1648,132554.00875102443
1649,134425.37599663463
1650,121109.982349228
1651,124087.5151194522
1652,93272.5646753079
1653,91832.37539527888
1654,152591.73212066677
1655,146798.8538940997
1656,144725.14123301383
1657,151360.7350822311
1658,150623.31941705244
1659,121554.1274520106
1660,158608.4090765646
1661,448778.18890327204
1662,409877.79590610054
1663,396612.47067547764
1664,514982.09821959067
1665,305386.3691159288
1666,326808.0578675486
1667,410571.25027022546
1668,330662.60501378786
1669,280138.93773023604
1670,350549.9859111318
1671,264383.832924988
1672,425431.34017735114
1673,291307.74816847395
1674,248642.80399514147
1675,195469.98880637137
1676,193998.3534450815
1677,217494.37355601482
1678,516229.191472174
1679,378046.2590727
1680,347998.5880402816
1681,246994.31150242226
1682,290505.24923606345
1683,182484.0891162162
1684,176303.34872910997
1685,174595.31212922424
1686,170772.33685134948
1687,172879.4816667569
1688,192178.90424102495
1689,196499.09916427886
1690,190896.8663422083
1691,182821.1728635215
1692,261228.25759728765
1693,171776.4765958002
1694,178305.00103640638
1695,168706.9202484666
1696,279189.4299634397
1697,166976.38170845967
1698,358962.24589620926
1699,310000.0701196894
1700,254786.66924587655
1701,270331.6382434176
1702,259071.188672708
1703,257405.0242646091
1704,283562.24023939675
1705,242192.15177335875
1706,485776.32611890655
1707,228817.43926007434
1708,223118.2946368042
1709,276965.0491034345
1710,220019.1182809698
1711,261176.0166458617
1712,258411.223525782
1713,258179.34900497593
1714,224565.34009792208
1715,207538.30715698696
1716,183461.4908176899
1717,169632.51490229933
1718,133762.5761582185
1719,202854.07795428234
1720,238162.68082508922
1721,168405.98759128264
1722,132095.05588979955
1723,163688.88357175046
1724,215187.5090465891
1725,240754.352716381
1726,199354.4117867279
1727,156373.98563059335
1728,183036.64681911713
1729,157403.20189292374
1730,154890.85160840413
1731,121326.26664922923
1732,124767.0727451117
1733,127266.12571108877
1734,127872.15485319943
1735,133025.74085127903
1736,115312.69105369214
1737,307965.8935239243
1738,217351.8920240373
1739,281503.8723555009
1740,220610.1402059203
1741,193687.3423211879
1742,169935.85643210646
1743,177731.23318466905
1744,306804.2183241288
1745,207138.86294751102
1746,208474.61121286012
1747,217311.9087854923
1748,210979.4063902751
1749,156261.84870645427
1750,135225.65877311947
1751,258726.75765759347
1752,120789.70658788463
1753,152959.84516160336
1754,199572.06332563233
1755,183159.6805369862
1756,119437.77003890976
1757,120843.22910698615
1758,146425.05903352276
1759,160843.14013686622
1760,163250.6901103577
1761,144240.14141937962
1762,169907.38532446336
1763,155559.34706154928
1764,115791.34234632619
1765,185332.46975495172
1766,179400.21562085577
1767,220111.78086781275
1768,140845.482559116
1769,177179.5404659366
1770,147291.6977298234
1771,125483.97630726127
1772,133562.74560668247
1773,136008.86476520877
1774,139334.97247748848
1775,132009.93441917343
1776,132392.57816211844
1777,115688.17950304295
1778,143877.67139015286
1779,121625.89338609425
1780,175834.33130016917
1781,129107.63073319926
1782,100036.95564320458
1783,143862.84711022206
1784,108788.57337827145
1785,113764.57830626087
1786,157907.47368438728
1787,174497.16199894663
1788,57539.41081866926
1789,93845.8926348506
1790,95753.37308582378
1791,183916.4477650428
1792,150845.8051612361
1793,129096.97927659439
1794,143274.59151838074
1795,128947.146473336
1796,136624.65978995754
1797,132925.88392495934
1798,123232.43327456448
1799,112781.02577349266
1800,132531.55334478343
1801,130203.11840660908
1802,130996.35061557611
1803,140397.23723069474
1804,139936.98179742496
1805,137752.27317666862
1806,116548.23384771455
1807,128757.69865638421
1808,129203.64097810272
1809,124220.0206006095
1810,150948.5043548044
1811,89629.36219931982
1812,92088.359449079
1813,119990.84748260383
1814,89130.27060830672
1815,57849.30541975476
1816,99452.23197470026
1817,123549.41547882318
1818,140664.3239630976
1819,119628.51277497753
1820,50841.73382130082
1821,114145.40445031393
1822,143313.23625489103
1823,28318.594525749126
1824,131611.59219749598
1825,134366.19047644525
1826,111779.36602557744
1827,103460.85894400823
1828,137461.80859645054
1829,114594.75611612941
1830,135401.25678943668
1831,131802.93622280943
1832,95512.64246848965
1833,154313.34085381715
1834,119895.53538876094
1835,132682.68370996023
1836,129183.51777216376
1837,84448.26353869299
1838,132050.47650777292
1839,95509.84740211727
1840,167529.541151649
1841,144670.15775334524
1842,97370.03702635452
1843,139601.1053642928
1844,144212.5425951098
1845,149793.27174728742
1846,156407.43448637772
1847,173202.67178003464
1848,53796.93714735085
1849,110710.84317188145
1850,114651.93258122768
1851,150872.83019324663
1852,117518.77618709739
1853,139422.99705354348
1854,166535.5000431966
1855,155239.22619711436
1856,225211.9154262375
1857,150495.40962389376
1858,142812.0857360895
1859,117796.32913652578
1860,155713.5380460329
1861,117955.76952076328
1862,326589.4118812409
1863,307234.53720260086
1864,307234.53720260086
1865,348354.8207062675
1866,326124.49714520405
1867,243784.86809457158
1868,315989.6575175935
1869,205588.17215338754
1870,237476.7387530313
1871,254810.79561596905
1872,172317.92291941532
1873,248442.75115094107
1874,148096.56790569
1875,204349.81827037138
1876,194409.95263897767
1877,215346.6560360565
1878,211419.04960412421
1879,137474.20899333584
1880,126962.7567852117
1881,241776.18094536243
1882,256817.29793289345
1883,195470.60590979827
1884,210704.4801299239
1885,251477.45630735712
1886,319499.98818625335
1887,210718.38961817772
1888,272217.4713843343
1889,172305.4410963024
1890,119165.01929966261
1891,138286.59862536448
1892,105839.79619541967
1893,131128.28540722953
1894,130935.47530233797
1895,130291.69718330435
1896,130883.97918413355
1897,135603.0424523776
1898,121917.77903224537
1899,147190.90743836644
1900,147257.55201224887
1901,173087.33643060693
1902,155683.87735653794
1903,216431.75597512582
1904,129930.1109589202
1905,177952.3503206405
1906,154587.03114639502
1907,219287.5691959579
1908,108461.72804700836
1909,135110.73656788684
1910,122370.55256460249
1911,197282.57789042403
1912,288297.5238601942
1913,162450.10627889712
1914,42917.54830640674
1915,285722.12855993496
1916,73932.09494880939
1917,256645.15640798744
1918,139996.73485045144
1919,169947.99010150763
1920,154826.1635324435
1921,406372.0213946155
1922,310175.95404295204
1923,207760.5863703384
1924,212060.38896415083
1925,201516.2011829489
1926,406749.10625449836
1927,131909.2840695376
1928,159105.75128593898
1929,125466.6680744789
1930,140689.48924298285
1931,149798.81548897378
1932,150094.490211206
1933,194727.74275122496
1934,181518.60645120795
1935,173887.85594707288
1936,189997.12076901077
1937,181642.39099170946
1938,179098.11646885207
1939,245407.45831823882
1940,179621.29219457204
1941,174560.70537322946
1942,181090.85106967625
1943,197072.8849836896
1944,342268.93383061746
1945,393409.77978749166
1946,152518.84232559963
1947,368820.1651305081
1948,181997.37082299677
1949,242534.60558579717
1950,180378.7335403871
1951,268958.63977193605
1952,223450.98877373466
1953,171500.90813052084
1954,179225.11446562802
1955,128146.06990443042
1956,251550.3325407259
1957,149134.13193885091
1958,321495.68121021555
1959,144565.07839879216
1960,118424.74099234783
1961,123320.12563085966
1962,99188.16239921098
1963,105217.75963035322
1964,113498.17477672706
1965,142363.15047396155
1966,136368.38402277025
1967,286256.2091144784
1968,436689.00149145245
1969,402620.4641725648
1970,448242.0844080007
1971,450788.92419797956
1972,381091.1794486105
1973,260556.97336612202
1974,316768.4120960486
1975,486106.3471591984
1976,259532.13177934394
1977,373688.8509331045
1978,368065.47050524934
1979,308368.3466218186
1980,184709.45640567393
1981,358003.7857168141
1982,227505.0939518884
1983,208903.68109459413
1984,162850.2964497647
1985,223247.64019888497
1986,208698.34056465165
1987,178656.1479099026
1988,175092.54590119177
1989,192869.42846746385
1990,214788.33450405326
1991,226188.28477303003
1992,219985.0341591839
1993,173137.4394695772
1994,253630.76285250523
1995,183880.54100162667
1996,252419.28418313354
1997,306048.9101522283
1998,330047.91814532154
1999,266918.54037317215
2000,289699.9694813477
2001,265596.7888725541
2002,245027.33319760973
2003,258172.09463124006
2004,273932.4323426454
2005,229666.5052106399
2006,231009.74727093073
2007,248241.71040095537
2008,219298.39280453615
2009,192468.7949746028
2010,193846.55453003876
2011,133802.35867050494
2012,175566.53684412333
2013,185825.57846942332
2014,187239.9107137183
2015,205338.40527302615
2016,193411.15404754644
2017,203013.33785730292
2018,129165.2489187753
2019,133705.45408026647
2020,111283.02352028457
2021,116420.4245327095
2022,177782.29731967475
2023,151835.60320991656
2024,256465.07955609218
2025,361934.27400199394
2026,169344.4606290175
2027,150756.23510256156
2028,150359.91051386337
2029,169373.53326844834
2030,274794.86846439523
2031,231249.2824091763
2032,249121.47461925622
2033,245808.95904054074
2034,170585.65732541698
2035,203305.3017235014
2036,186965.70630342554
2037,186754.21905475203
2038,299718.293674718
2039,218940.5607086951
2040,314762.1636466753
2041,249781.9780235741
2042,206011.01136705832
2043,168769.00421955236
2044,172228.0390074579
2045,205668.39312815387
2046,140224.9249322534
2047,146271.9172760493
2048,139568.6182292439
2049,135246.6635703165
2050,179515.8650628223
2051,118950.47695391293
2052,122897.40059283398
2053,141392.28501935757
2054,85529.9029322553
2055,150947.54917479696
2056,143995.87876854025
2057,126041.70225164789
2058,222645.49955299095
2059,143840.00781316872
2060,173410.14762968288
2061,167039.54544985574
2062,134473.4623105158
2063,112201.25442558456
2064,142160.60482292788
2065,121909.00323708978
2066,171025.58160178267
2067,131947.68455370242
2068,134639.51526414935
2069,79612.38120103307
2070,105576.5182630928
2071,99054.87316842693
2072,116773.34271585828
2073,135949.29907411494
2074,181775.82975231158
2075,154827.71421941128
2076,121706.1349966768
2077,150390.30752827803
2078,128054.89141378876
2079,135989.3626465953
2080,111787.05880013523
2081,129185.16069582893
2082,121978.08017856875
2083,144400.47384434033
2084,109019.53525244484
2085,119292.73990928603
2086,135450.47463444588
2087,117902.33099116254
2088,100488.69853614131
2089,87768.75462987779
2090,135065.45893616477
2091,118175.23757453078
2092,116431.84545459202
2093,129897.35329159013
2094,114443.69840488443
2095,149843.0389042872
2096,77676.17116390812
2097,89989.30714796191
2098,146517.89363763575
2099,62247.92107789293
2100,92935.23269383455
2101,128234.0817662729
2102,125536.53194886121
2103,107410.53939946665
2104,146060.38662188983
2105,124875.15129284703
2106,67564.07801003054
2107,228373.36497691413
2108,107767.6724719204
2109,108894.89762544326
2110,134139.64729446423
2111,135505.11955026287
2112,150626.18629864382
2113,118133.97021902335
2114,120424.40790612574
2115,162663.2921888419
2116,115288.60041137043
2117,151925.9430286978
2118,129768.6843622962
2119,106683.91056853328
2120,120509.52547257743
2121,87023.14994922846
2122,105757.47895940335
2123,81836.01159884791
2124,163240.59610269175
2125,132810.50608528213
2126,151775.02096368794
2127,140796.66589554073
2128,130689.05260298346
2129,102381.32398737925
2130,139823.23189810768
2131,135753.47782697808
2132,110383.08401132598
2133,112859.61047387344
2134,124089.69043737146
2135,94048.14514157941
2136,84687.93831790503
2137,110624.63214309652
2138,132741.8006827788
2139,150423.14618055266
2140,141143.07782268352
2141,143674.67419525146
2142,128143.04823819794
2143,148126.4547963858
2144,130904.9730140418
2145,133693.8874109004
2146,171740.13121345185
2147,155448.72188905906
2148,117511.05438054563
2149,137938.01061996838
2150,217542.24198013288
2151,113481.37483076191
2152,173726.38739860992
2153,161724.33118606624
2154,112496.38462192468
2155,135071.235125946
2156,294986.4393084082
2157,236501.5813527258
2158,241704.7848880333
2159,206129.36096214748
2160,180297.58997569326
2161,241735.31706284778
2162,369753.49292198365
2163,365297.6159710819
2164,240471.38949646323
2165,193081.88012906964
2166,149566.57578568437
2167,216396.12850713453
2168,194918.31287660432
2169,201278.8906339411
2170,221741.8927371354
2171,148288.5837270273
2172,132993.99425541036
2173,171958.94445334165
2174,228045.65520244473
2175,305240.94011478784
2176,324428.9232063756
2177,237764.39778525822
2178,213048.07689644297
2179,136439.39598148118
2180,224490.10889266612
2181,189877.0560368362
2182,211271.6464239594
2183,191912.08886303622
2184,125023.77140806428
2185,135699.86414613423
2186,135592.58205753032
2187,146808.9966371178
2188,152932.92495803232
2189,230181.54434224553
2190,82758.8803921545
2191,82035.61060523425
2192,94481.11793982192
2193,103565.45414740127
2194,96447.55188526846
2195,115388.52418171676
2196,112050.08470045177
2197,116107.51706912792
2198,154553.0625897831
2199,180275.8836704781
2200,139808.41574641207
2201,137250.17140719562
2202,184320.27237908734
2203,160216.41521294715
2204,178360.54200607087
2205,122867.03609759081
2206,139108.5756189013
2207,202356.36092702704
2208,225421.34847759106
2209,224093.1541824093
2210,117490.58979054906
2211,110719.78154171653
2212,114471.85894365434
2213,100473.21767058129
2214,134882.12559298694
2215,101159.89007048336
2216,149100.65289114657
2217,82522.73301413778
2218,55141.414671352526
2219,52516.524914382055
2220,60971.891881144504
2221,294704.66533283563
2222,256367.61834583525
2223,311925.10320212203
2224,207433.27205349185
2225,137804.98329367413
2226,205567.14258238702
2227,191440.9571060919
2228,256845.33062489217
2229,261605.6883503046
2230,161283.37781128072
2231,206186.08023057194
2232,180479.46662906162
2233,187222.0038672475
2234,237424.68024388887
2235,227264.13363118202
2236,273614.7225839726
2237,350319.5005615534
2238,204048.64209611082
2239,114442.86106147926
2240,159510.81025134536
2241,155298.81994343648
2242,123664.61449047568
2243,121725.09141433152
2244,107037.70023056986
2245,96657.3917561657
2246,146146.33612409187
2247,106928.77925587057
2248,128173.18318171497
2249,128771.84216021442
2250,132062.87559104385
2251,137993.1126490888
2252,170542.65195150653
2253,158396.92609491918
2254,173993.98802578368
2255,188272.73082722584
2256,186219.85875313682
2257,200666.60904154708
2258,161012.45479610562
2259,172457.61118986137
2260,148667.9397408202
2261,184230.8866819655
2262,197315.56219813784
2263,367820.3428820787
2264,471014.9938974221
2265,177289.7054069544
2266,332942.85969941446
2267,419044.8537166515
2268,414707.24336203665
2269,142041.5084920474
2270,188345.58558615725
2271,212215.09964739095
2272,194671.90783117688
2273,156213.76399102228
2274,180129.1526673142
2275,163957.0943984997
2276,189436.25792508977
2277,178891.91488721946
2278,141357.8687470515
2279,127392.31072521968
2280,120628.93826447811
2281,174516.4413467944
2282,195752.6074022327
2283,99287.99302349615
2284,108941.8454998134
2285,136014.57081680725
2286,121034.76257878396
2287,360012.1585839756
2288,271800.20300156414
2289,407601.54565191176
2290,433503.60727589927
2291,334704.1640235736
2292,434679.45270367956
2293,476589.34564677306
2294,382701.46518276434
2295,437863.3051714292
2296,289175.6901529498
2297,302026.6925362642
2298,346944.0603594892
2299,376717.4737759476
2300,357183.4528324362
2301,279311.2979027129
2302,233095.22000123365
2303,225858.27140054328
2304,235691.80782980597
2305,189232.24577735885
2306,186496.9889985069
2307,193670.6690512901
2308,220609.91808463848
2309,275670.7766758824
2310,213281.92387926398
2311,200847.76966085637
2312,173560.9874259307
2313,173693.4470017728
2314,167194.25803102262
2315,177939.62091627505
2316,186351.77792367473
2317,179984.76633867947
2318,178430.093657938
2319,181826.58407153576
2320,179491.4250493258
2321,241308.82396033368
2322,172090.2428304664
2323,182501.5695733389
2324,175732.5702228277
2325,212130.8275845416
2326,174054.45461743165
2327,212234.40538560468
2328,228063.61649143047
2329,186515.93093887792
2330,181281.17976017724
2331,364238.5448827315
2332,394272.4683427408
2333,328648.7299040409
2334,244389.20453619267
2335,270902.0725601641
2336,333728.18765396916
2337,200420.67779245996
2338,279265.53526152164
2339,234860.0703107469
2340,401620.5913435911
2341,221076.73732666188
2342,230967.05474573746
2343,223944.21688843347
2344,225984.43479451002
2345,233555.84663941793
2346,211563.91293517445
2347,199449.0909665855
2348,244164.4830063308
2349,185744.00312381668
2350,301879.19442368153
2351,249892.38582316376
2352,243516.23270187518
2353,242417.90990512987
2354,136897.6654756394
2355,149902.81283275524
2356,163989.1442599615
2357,201322.90396329766
2358,198168.41654750286
2359,135803.1816550655
2360,118058.89077542344
2361,143265.85808479338
2362,289854.6234401781
2363,141660.58273026976
2364,164194.77205054843
2365,225869.2212973816
2366,180943.0816475265
2367,212828.77255145175
2368,211126.7216159741
2369,207608.4861239389
2370,173545.91871938473
2371,174878.38079619705
2372,193855.8140834424
2373,278264.3477298808
2374,327280.99351964274
2375,248444.33589010674
2376,281105.97675746365
2377,339511.2538234113
2378,133290.27819774297
2379,199450.10193292098
2380,146547.50205997264
2381,165119.14537726244
2382,176872.07348775966
2383,190019.22688594548
2384,247110.68710492918
2385,150956.58334554627
2386,134707.35022901537
2387,136369.6215052605
2388,100363.24326172954
2389,125444.92034023535
2390,151430.80903503989
2391,140884.74762629275
2392,111673.51323190806
2393,164999.48212750137
2394,149355.11992869063
2395,196666.0875549481
2396,143885.34479664243
2397,208574.38142238435
2398,136918.77353593032
2399,62104.61285353928
2400,61268.208577610756
2401,107774.52542321579
2402,136502.19858487838
2403,142383.29616056161
2404,154188.50056545535
2405,159579.39774811658
2406,139400.862522909
2407,127951.18168393947
2408,138370.06570947915
2409,129970.70351958748
2410,159918.11579556868
2411,117766.22463212462
2412,157218.4827625591
2413,132124.37376761678
2414,138301.12011981514
2415,131099.9429897066
2416,117029.31923375354
2417,126946.44249638531
2418,122829.91761607464
2419,130034.13526421392
2420,134059.89714770758
2421,135490.48836815613
2422,121198.47296162127
2423,118883.21907115157
2424,158846.7728945263
2425,239208.13648483023
2426,129811.42439112063
2427,134221.26030994102
2428,179432.98097860994
2429,114391.67773443059
2430,132622.89949329122
2431,132893.32073825155
2432,138727.90629430983
2433,147021.81739860438
2434,137675.653541195
2435,155352.45063975698
2436,108312.50926668686
2437,110724.25018055896
2438,127803.1833706085
2439,111481.88314620678
2440,119378.68757696959
2441,99963.40842135744
2442,102987.70625969184
2443,121225.55943873749
2444,127675.14525479202
2445,83291.30814969022
2446,125915.86563311184
2447,183642.951731437
2448,145804.478783873
2449,106035.20577480418
2450,133058.1519874069
2451,128413.08869901852
2452,216370.61767371598
2453,90716.31073062726
2454,119627.34699034845
2455,113518.80187114901
2456,138793.1471395793
2457,129855.93500619687
2458,138116.11288416942
2459,110559.33968887104
2460,137333.61613033144
2461,111632.235748945
2462,134778.88591212133
2463,115955.29323745111
2464,176244.8556263363
2465,129067.721844979
2466,115712.16936023056
2467,136557.52411822398
2468,86082.28037722755
2469,82270.12642937436
2470,182009.88323559635
2471,206955.73096148818
2472,175091.2705137439
2473,120204.61086210702
2474,85338.6359044223
2475,231651.1717488216
2476,108637.78065578447
2477,128879.43645955958
2478,154273.5636200473
2479,120319.4504081101
2480,157463.7604659404
2481,135866.22998830513
2482,130756.90903246251
2483,121145.9710514909
2484,119534.58342036339
2485,118224.78018740352
2486,157664.9279025434
2487,223621.0962214945
2488,162362.09526000463
2489,162441.30778329616
2490,156038.52269380767
2491,80761.26512996267
2492,186464.57887056988
2493,151838.7596347288
2494,153728.09770182887
2495,90072.97110488538
2496,211415.8472784242
2497,141151.35919881653
2498,120731.99939541271
2499,85111.8617882858
2500,132688.12299201192
2501,124408.72343207183
2502,148620.980447645
2503,91764.89001240283
2504,183584.61483355728
2505,218572.60195274497
2506,259969.76974914287
2507,294429.24954417394
2508,258618.39051747002
2509,214342.6047451602
2510,224130.62907560045
2511,177314.90843070016
2512,211312.00933308998
2513,224194.69186393888
2514,237257.88386488552
2515,161099.4650988641
2516,167395.85240214478
2517,143932.2528623634
2518,154548.20421991684
2519,232404.77575139306
2520,217545.53005071127
2521,189878.70065181065
2522,221280.73861918136
2523,125174.66826133203
2524,140455.93176478107
2525,137049.90694807484
2526,142784.71304974923
2527,132026.72208520613
2528,128045.4164720701
2529,129637.49456659603
2530,122135.34611639284
2531,259373.70386104056
2532,226154.15302221783
2533,201732.07105708017
2534,236834.59765773267
2535,337314.1285353056
2536,238202.3434131541
2537,241721.1617069138
2538,187434.03996739347
2539,189932.71274856833
2540,176972.62669303935
2541,186101.5907648404
2542,169627.14832683266
2543,137409.53709381825
2544,116726.7064504211
2545,135653.69923340547
2546,111262.89924355826
2547,132823.47267358296
2548,149605.75561704402
2549,162469.05883077846
2550,431026.7878540638
2551,142779.0552512831
2552,119304.9454536624
2553,83402.87176033451
2554,91300.29104850364
2555,114356.43812907717
2556,102974.621685104
2557,110952.05467145905
2558,166284.44468984878
2559,131285.86181314322
2560,142591.4284614346
2561,133695.02721436886
2562,114290.15931949958
2563,136347.4723640459
2564,187144.3770025988
2565,141346.8607727341
2566,157822.97319911208
2567,129151.73037160361
2568,206837.16771280408
2569,197508.54023865284
2570,117074.09418011794
2571,182875.41478730278
2572,158805.49160942168
2573,223866.69981850465
2574,278577.1792539812
2575,124249.18827937794
2576,118562.81513653012
2577,169678.9911407294
2578,87176.35995476077
2579,72101.3715864652
2580,101988.82130289657
2581,109243.50881114592
2582,99303.2026490883
2583,250836.80797872046
2584,161994.89681391
2585,190755.8275837228
2586,227439.001159845
2587,202030.38015347012
2588,138415.86287495255
2589,143761.0648194601
2590,199794.63237771834
2591,202177.51194592682
2592,212496.9387277544
2593,254714.71099859235
2594,161889.65394725045
2595,204222.24192174166
2596,310771.22144465236
2597,201889.84975386193
2598,279423.0993083804
2599,350344.9406670181
2600,162057.43301458796
2601,154995.56573025716
2602,84795.44074330169
2603,89987.71383871729
2604,86850.04555010879
2605,86849.47607686564
2606,156729.8837445754
2607,207887.6240859468
2608,199365.10273654156
2609,168018.30280603527
2610,112078.70400763111
2611,133879.53166695594
2612,163284.00231919106
2613,130685.91233107833
2614,127415.4244692761
2615,152843.9664500495
2616,147454.4635971524
2617,186735.29498740574
2618,189563.84548514502
2619,192708.90421566062
2620,181486.40335006043
2621,182290.9857055167
2622,187878.86251109905
2623,252984.51786380354
2624,307264.96203507244
2625,313863.6286638175
2626,172979.16427085202
2627,159874.35684723672
2628,486956.7489430344
2629,486796.3978830153
2630,366542.483463617
2631,457350.85869880446
2632,462545.5196026239
2633,351956.31059469737
2634,434032.37381116045
2635,159194.3917252455
2636,176171.01468554462
2637,186730.49436787344
2638,260968.39558492065
2639,177124.87555846237
2640,149285.2740506531
2641,115401.92137514561
2642,197324.89174900274
2643,99197.62001040069
2644,124278.8352003263
2645,101634.98958157028
2646,93874.4779488706
2647,103300.36684245594
2648,144219.31943121407
2649,150262.11301313143
2650,127429.31266248542
2651,140975.68280455342
2652,432491.77996587066
2653,238060.49280409145
2654,243173.5073183137
2655,393827.33352399623
2656,311019.55005740334
2657,342001.9160566634
2658,305376.34931669605
2659,305604.43684728385
2660,369838.10594757687
2661,350833.4683863891
2662,348480.56130185595
2663,285699.1352701803
2664,267937.46300126496
2665,314757.7438570088
2666,292200.4654835205
2667,166991.63585067837
2668,183357.27344097578
2669,172877.893476692
2670,265402.03893087164
2671,183765.45852212352
2672,190751.83520145147
2673,207835.02117609707
2674,204009.0673970419
2675,170142.79839836468
2676,192834.8219985794
2677,201986.16635286552
2678,245141.77827279497
2679,269004.1958888363
2680,271665.7845893286
2681,371135.5615398559
2682,313578.8406180496
2683,515444.70925363246
2684,310287.52226367185
2685,322443.8728225011
2686,263665.90496308694
2687,349417.0547769293
2688,221749.64851491217
2689,196755.8429418498
2690,447713.367701557
2691,195266.7981434062
2692,136830.27447674534
2693,204139.11223499238
2694,133252.46950603137
2695,195801.7665989587
2696,185506.88963115658
2697,188817.9410134371
2698,210469.9806397913
2699,176822.4426449892
2700,158605.0827532643
2701,155987.99497976946
2702,117779.9392281372
2703,119583.48229655012
2704,142148.4305190473
2705,121795.0016826932
2706,116710.46381063732
2707,119324.96966020818
2708,137134.8212472836
2709,103936.35443628939
2710,126289.95361272227
2711,275631.8290844273
2712,361742.14023104403
2713,173464.30751802708
2714,149976.7977992444
2715,170630.64030110074
2716,150080.99895067426
2717,194581.4142666581
2718,228049.73216622847
2719,155977.86451759422
2720,166028.60476917043
2721,136902.09127008263
2722,169047.2162693889
2723,135532.0617098166
2724,134020.1094691854
2725,134142.56686696314
2726,148496.76367884825
2727,160021.7154048981
2728,166468.105901098
2729,148007.71855541825
2730,133979.49901971075
2731,122402.82842834888
2732,124207.06264892187
2733,151835.8550877808
2734,129523.25589125669
2735,139528.98707076127
2736,133515.12656514664
2737,119822.38689276025
2738,140058.1723744151
2739,165686.2561610302
2740,128984.76362290503
2741,144789.87347971826
2742,148293.8696666446
2743,143586.39387849157
2744,159932.67001038004
2745,134515.98036220297
2746,142593.24920400095
2747,135084.59362867769
2748,120360.44084546599
2749,141910.9811180974
2750,137695.01642133604
2751,145291.16740371738
2752,192482.10835600345
2753,157430.70070642626
2754,203250.8302189004
2755,129347.01341261911
2756,92165.16478001844
2757,84444.20335082385
2758,89428.35736980286
2759,150781.22558369252
2760,140610.60737004934
2761,149528.83244318882
2762,149516.93797015506
2763,183287.4513853896
2764,149992.34341311708
2765,278117.1563279735
2766,134761.6079823926
2767,89484.74035300862
2768,127184.23852142456
2769,139953.55587521038
2770,141530.08925817272
2771,116358.52528658774
2772,118052.7470260197
2773,173476.88997743663
2774,128448.55199568265
2775,115787.04119186134
2776,131964.48490080397
2777,136018.07168491394
2778,95948.3428245778
2779,128554.06889471642
2780,90773.21782699229
2781,87389.0563854812
2782,104239.15329789149
2783,107561.02927103666
2784,116411.93452252109
2785,135932.8644899733
2786,68785.90396760585
2787,120670.43798646603
2788,82894.49153202427
2789,183971.72854244016
2790,91736.29971623771
2791,115374.70665781236
2792,39916.30569130086
2793,165609.8615898938
2794,111801.51299908647
2795,117713.79539133416
2796,101542.27398918741
2797,209192.60076683422
2798,116413.28981815648
2799,115344.89404182532
2800,73818.12446311959
2801,105785.11553238536
2802,133182.13381748198
2803,162315.84410986237
2804,123242.30732162241
2805,93076.04018146376
2806,98314.1915791169
2807,160560.58896627443
2808,156268.16206112204
2809,127575.36875373634
2810,129844.33981307584
2811,156783.77879722975
2812,158875.3191081491
2813,168146.12715960384
2814,153329.10377247515
2815,110248.60106553284
2816,243301.85561261524
2817,157616.69752315647
2818,133687.91883959598
2819,177859.1599802791
2820,145903.599693535
2821,108178.19364690692
2822,186311.34605479805
2823,286622.75513230124
2824,185834.02088366888
2825,152292.69785179614
2826,125258.01233936606
2827,137336.20297301863
2828,232956.65271308197
2829,192580.60567045864
2830,217332.20845557735
2831,187162.47044748452
2832,276222.6335131917
2833,286005.3670475414
2834,220468.15238985405
2835,221354.24160672358
2836,197927.33996942517
2837,135860.26072612705
2838,151862.64503335083
2839,178806.68432258655
2840,202688.1661715245
2841,204609.28751052756
2842,230929.7471472999
2843,150379.3130500662
2844,158926.3523610424
2845,117961.50573469186
2846,215831.91848823059
2847,195730.4770988933
2848,210170.96712594904
2849,202065.49830145747
2850,272678.78525283595
2851,226767.0246195739
2852,219193.62903753883
2853,242833.91648801538
2854,137451.12770363645
2855,203100.48393747627
2856,203647.51360887347
2857,194338.24222439164
2858,205863.62249799268
2859,121033.3974915373
2860,131785.60563343365
2861,147480.1012551762
2862,195382.63238417296
2863,127986.37274970664
2864,251882.1020955732
2865,141072.88877195943
2866,134826.2173229935
2867,97783.42266860043
2868,103688.90274277118
2869,102865.91506043561
2870,138303.35440223664
2871,91403.50952204804
2872,57846.10216501355
2873,84762.28847948292
2874,145747.5171611427
2875,116371.20229730771
2876,162001.87040676182
2877,143327.30414514925
2878,161150.6602739066
2879,145504.86973851867
2880,105941.45978552061
2881,149446.06618714845
2882,186219.85188874637
2883,180959.89558420324
2884,188217.9147496063
2885,180881.50328838223
2886,222040.82717454995
2887,93917.62220785639
2888,128164.05391227192
2889,56393.99130842417
2890,81087.74773160499
2891,131155.12802104588
2892,36628.02472123763
2893,69245.27172728025
2894,34080.353411811375
2895,285262.5872740288
2896,267671.9851957758
2897,205310.17198325729
2898,150834.0747833449
2899,219719.45443879976
2900,145377.67975795432
2901,202441.25290041658
2902,188632.9239989039
2903,357371.4478800314
2904,338934.03113793454
2905,110604.90879684383
2906,205927.66291055988
2907,111819.54428048656
2908,129377.80222865114
2909,149432.4555053815
2910,80072.90017999722
2911,84026.84336789875
2912,152762.92336528774
2913,85000.49210462936
2914,74075.9656302334
2915,75545.2734428265
2916,84465.96193050059
2917,152349.48308054323
2918,127239.61428295355
2919,224910.23816290783
